    1.000000    -0.256652
    0.999664    -0.256354
    0.998660    -0.255461
    0.996987    -0.253977
    0.994647    -0.251905
    0.991645    -0.249250
    0.987984    -0.246018
    0.983668    -0.242219
    0.978704    -0.237861
    0.973098    -0.232957
    0.966858    -0.227519
    0.959994    -0.221558
    0.952514    -0.215090
    0.944429    -0.208133
    0.935752    -0.200700
    0.926493    -0.192810
    0.916669    -0.184482
    0.906293    -0.175733
    0.895380    -0.166584
    0.883948    -0.157056
    0.872013    -0.147170
    0.859596    -0.136946
    0.846714    -0.126409
    0.833387    -0.115580
    0.819636    -0.104483
    0.805485    -0.093141
    0.790953    -0.081581
    0.776065    -0.069826
    0.760843    -0.057902
    0.745311    -0.045834
    0.729494    -0.033650
    0.713415    -0.021378
    0.697100    -0.009042
    0.680575     0.003326
    0.663863     0.015700
    0.646989     0.028052
    0.629981     0.040351
    0.612862     0.052568
    0.595660     0.064676
    0.578399     0.076644
    0.561106     0.088443
    0.543804     0.100045
    0.526521     0.111420
    0.509282     0.122539
    0.492113     0.133379
    0.475039     0.143907
    0.458085     0.154103
    0.441278     0.163938
    0.424644     0.173390
    0.408209     0.182436
    0.391997     0.191056
    0.376037     0.199228
    0.360350     0.206937
    0.344967     0.214165
    0.329912     0.220897
    0.315210     0.227120
    0.300886     0.232825
    0.286969     0.238000
    0.273479     0.242638
    0.260444     0.246732
    0.247888     0.250277
    0.235834     0.253272
    0.224306     0.255712
    0.213324     0.257598
    0.202911     0.258930
    0.193086     0.259708
    0.183870     0.259934
    0.175279     0.259612
    0.167330     0.258744
    0.160039     0.257334
    0.153418     0.255384
    0.147479     0.252897
    0.142232     0.249878
    0.137685     0.246330
    0.133843     0.242254
    0.130711     0.237656
    0.128342     0.232623
    0.126784     0.227243
    0.126038     0.221524
    0.126104     0.215471
    0.126979     0.209092
    0.128663     0.202398
    0.131153     0.195401
    0.134444     0.188114
    0.138531     0.180551
    0.143409     0.172728
    0.149070     0.164661
    0.155508     0.156369
    0.162712     0.147868
    0.170671     0.139179
    0.179375     0.130318
    0.188807     0.121304
    0.198956     0.112157
    0.209805     0.102895
    0.221333     0.093536
    0.233524     0.084098
    0.246354     0.074597
    0.259802     0.065050
    0.273843     0.055472
    0.288452     0.045878
    0.303601     0.036282
    0.319261     0.026699
    0.335403     0.017139
    0.351995     0.007614
    0.369006    -0.001865
    0.386401    -0.011288
    0.404144    -0.020644
    0.422203    -0.029926
    0.440539    -0.039124
    0.459118    -0.048231
    0.477901    -0.057239
    0.496851    -0.066139
    0.515928    -0.074926
    0.535096    -0.083591
    0.554317    -0.092128
    0.573552    -0.100529
    0.592763    -0.108787
    0.611913    -0.116894
    0.630962    -0.124844
    0.649875    -0.132629
    0.668615    -0.140242
    0.687145    -0.147676
    0.705431    -0.154923
    0.723435    -0.161976
    0.741124    -0.168826
    0.758464    -0.175470
    0.775423    -0.181896
    0.791967    -0.188101
    0.808065    -0.194078
    0.823686    -0.199820
    0.838801    -0.205321
    0.853380    -0.210578
    0.867394    -0.215583
    0.880819    -0.220335
    0.893626    -0.224827
    0.905791    -0.229057
    0.917291    -0.233024
    0.928101    -0.236721
    0.938202    -0.240149
    0.947573    -0.243306
    0.956194    -0.246190
    0.964049    -0.248801
    0.971121    -0.251138
    0.977396    -0.253200
    0.982862    -0.254987
    0.987505    -0.256499
    0.991318    -0.257735
    0.994291    -0.258698
    0.996419    -0.259385
    0.997698    -0.259796
    0.998125    -0.259934
