1,000000  0,001890
0,999561  0,001982
0,998246  0,002259
0,996057  0,002718
0,992998  0,003357
0,989074  0,004174
0,984292  0,005164
0,978660  0,006323
0,972188  0,007645
0,964888  0,009123
0,956773  0,010751
0,947856  0,012523
0,938153  0,014429
0,927682  0,016461
0,916461  0,018612
0,904508  0,020871
0,891847  0,023231
0,878498  0,025682
0,864484  0,028214
0,849832  0,030818
0,834565  0,033484
0,818712  0,036203
0,802300  0,038964
0,785357  0,041758
0,767913  0,044575
0,750000  0,047405
0,731648  0,050236
0,712890  0,053060
0,693758  0,055865
0,674286  0,058641
0,654508  0,061376
0,634460  0,064059
0,614175  0,066679
0,593691  0,069223
0,573042  0,071680
0,552264  0,074037
0,531395  0,076282
0,510471  0,078401
0,489529  0,080383
0,468605  0,082215
0,447736  0,083884
0,426958  0,085378
0,406309  0,086684
0,385825  0,087790
0,365540  0,088687
0,345492  0,089362
0,325714  0,089807
0,306242  0,090012
0,287110  0,089970
0,268352  0,089674
0,250000  0,089119
0,232087  0,088300
0,214643  0,087214
0,197700  0,085861
0,181288  0,084240
0,165435  0,082353
0,150168  0,080203
0,135516  0,077794
0,121502  0,075131
0,108153  0,072222
0,095492  0,069073
0,083539  0,065695
0,072318  0,062097
0,061847  0,058288
0,052144  0,054280
0,043227  0,050083
0,035112  0,045709
0,027812  0,041169
0,021340  0,036473
0,015708  0,031632
0,010926  0,026655
0,007002  0,021550
0,003943  0,016326
0,001754  0,010990
0,000439  0,005546
0,000000  0,000000
0,000439 -0,005546
0,001754 -0,010990
0,003943 -0,016326
0,007002 -0,021550
0,010926 -0,026655
0,015708 -0,031632
0,021340 -0,036473
0,027812 -0,041169
0,035112 -0,045709
0,043227 -0,050083
0,052144 -0,054280
0,061847 -0,058288
0,072318 -0,062097
0,083539 -0,065695
0,095492 -0,069073
0,108153 -0,072222
0,121502 -0,075131
0,135516 -0,077794
0,150168 -0,080203
0,165435 -0,082353
0,181288 -0,084240
0,197700 -0,085861
0,214643 -0,087214
0,232087 -0,088300
0,250000 -0,089119
0,268352 -0,089674
0,287110 -0,089970
0,306242 -0,090012
0,325714 -0,089807
0,345492 -0,089362
0,365540 -0,088687
0,385825 -0,087790
0,406309 -0,086684
0,426958 -0,085378
0,447736 -0,083884
0,468605 -0,082215
0,489529 -0,080383
0,510471 -0,078401
0,531395 -0,076282
0,552264 -0,074037
0,573042 -0,071680
0,593691 -0,069223
0,614175 -0,066679
0,634460 -0,064059
0,654508 -0,061376
0,674286 -0,058641
0,693758 -0,055865
0,712890 -0,053060
0,731648 -0,050236
0,750000 -0,047405
0,767913 -0,044575
0,785357 -0,041758
0,802300 -0,038964
0,818712 -0,036203
0,834565 -0,033484
0,849832 -0,030818
0,864484 -0,028214
0,878498 -0,025682
0,891847 -0,023231
0,904508 -0,020871
0,916461 -0,018612
0,927682 -0,016461
0,938153 -0,014429
0,947856 -0,012523
0,956773 -0,010751
0,964888 -0,009123
0,972188 -0,007645
0,978660 -0,006323
0,984292 -0,005164
0,989074 -0,004174
0,992998 -0,003357
0,996057 -0,002718
0,998246 -0,002259
0,999561 -0,001982
1,000000 -0,001890