time(s), awa_raw (rad), awa_filtered (rad), true heading (rad)
0,1.8675023317337,1.81921307778258,0.330302238464355
0.199978,1.8558241724856,1.82172450051943,0.329321384429932
0.400015,1.83409593797893,1.82270996573919,0.326754093170166
0.600022,1.84720869780202,1.82478157667134,0.328295230865479
0.8,1.85004901885986,1.82669061045587,0.327916622161865
0.999983,1.85004901885986,1.82847041149739,0.320632457733154
1.199971,1.85004901885986,1.83012776775884,0.314166069030762
1.399999,1.85004901885986,1.83163816143735,0.310696125030518
1.600007,1.83969489826248,1.83199376885572,0.307036399841309
1.799994,1.82058160585346,1.83083829680251,0.309229373931885
1.999978,1.79934573148657,1.8284595406161,0.31676721572876
2.199954,1.81246364425011,1.82744906131422,0.321866512298584
2.399984,1.8255794506261,1.82756288833706,0.32444953918457
2.599987,1.84478756753343,1.82916536894491,0.327521800994873
2.799975,1.86574925326439,1.83193363659726,0.33223295211792
2.99996,1.85264163754354,1.83330788204198,0.337358474731445
3.199938,1.83953147168262,1.83352039196456,0.34031343460083
3.399967,1.8387740588169,1.83406782143552,0.340445041656494
3.599981,1.85188657198841,1.83547887089476,0.339803695678711
3.799962,1.86499712577912,1.83790971706106,0.338316917419434
3.999946,1.84629553701987,1.83802309140808,0.340603351593018
4.199923,1.8075598190097,1.83510789940917,0.34748649597168
4.399961,1.75702264149772,1.82898324637713,0.354860782623291
4.599962,1.71768536301462,1.81999254142095,0.360296726226807
4.799941,1.71042275428772,1.81173274630293,0.361794471740723
4.999926,1.69773158086941,1.80276613393142,0.361186027526855
5.199911,1.66751452722564,1.79222696675578,0.360893726348877
5.399942,1.61505751645868,1.77811035471561,0.365949630737305
5.59995,1.5949292273544,1.76407716142641,0.363130569458008
5.799936,1.58181960172423,1.75010833058992,0.355569839477539
5.999923,1.57079637050629,1.73640485564334,0.34694242477417
6.199897,1.57079637050629,1.72385773064419,0.337154388427734
6.39993,1.57079637050629,1.71233635057308,0.331151962280273
6.599939,1.58382741518799,1.7028843283402,0.325669288635254
6.799918,1.61439329385198,1.69630404540256,0.320263385772705
6.999894,1.66682189832478,1.69472332547242,0.312417030334473
7.199878,1.71926426482974,1.69764796695174,0.307934284210205
7.399918,1.76512433227864,1.70325275205747,0.307010173797607
7.599924,1.79768919944763,1.71049099475518,0.302774906158447
7.799903,1.79768919944763,1.71712057451171,0.296406745910645
7.999886,1.77564360635865,1.72099174214954,0.290629863739014
8.199872,1.74274543939989,1.72216744357985,0.2851243019104
8.999797,1.73747103910777,1.72530550053268,0.292487144470215
9.199857,1.78266049869238,1.7272952509872,0.288189888000488
9.399845,1.79577210240151,1.73265477759261,0.281173229217529
9.59982,1.79768919944763,1.73755515551826,0.275138854980469
9.799807,1.79768919944763,1.74212650024738,0.275111675262451
9.999784,1.79768919944763,1.74638498223987,0.281160354614258
10.199893,1.79768919944763,1.750293407309,0.281641483306885
10.399879,1.80896158451536,1.75499476656096,0.278719902038574
10.599855,1.84287490534042,1.76233300886464,0.280797004699707
10.79984,1.88495564460754,1.77171614775625,0.291451454162598
10.999817,1.88495564460754,1.780336440478,0.300826549530029
11.199874,1.83951052476693,1.78368036538717,0.306660175323486
11.399914,1.7940747488396,1.78396668582143,0.30687141418457
11.599838,1.75475639351689,1.78154112635576,0.313727855682373
11.799825,1.71543324262464,1.77612027817425,0.320065498352051
11.999809,1.72186349686815,1.77231330390822,0.32478141784668
12.199871,1.73497957858849,1.76964409761585,0.326567649841309
12.399902,1.75085761729846,1.76833285034373,0.333774566650391
12.599825,1.77707249861109,1.76924117629214,0.345983505249023
12.799821,1.78023588657379,1.77006967968439,0.35621452331543
12.999796,1.78023588657379,1.77084242683852,0.364547252655029
13.199842,1.78023588657379,1.77156260334813,0.370240211486816
13.399874,1.78023588657379,1.77222509262211,0.37019157409668
13.599814,1.78023588657379,1.77282855603563,0.377033710479736
13.799803,1.78023588657379,1.77339150884309,0.383822441101074
13.999777,1.78315909733933,1.77420822737483,0.386368274688721
14.199834,1.79627522482318,1.77600272181543,0.390993595123291
14.399823,1.80938627894646,1.77880592041032,0.391107082366943
14.599798,1.80779006462009,1.78083150972347,0.391053676605225
14.799777,1.79468160360131,1.78182216248258,0.39144229888916
14.999761,1.78157080388617,1.78170091386089,0.394949913024902
15.199819,1.76845532979054,1.78041246491482,0.389904499053955
15.399807,1.77765968554429,1.78056057790314,0.383468627929688
15.599784,1.79768919944763,1.78187271059898,0.378318786621094
15.79977,1.79768919944763,1.78308194494531,0.38112735748291
15.999756,1.79768919944763,1.78418206868821,0.377773761749268
16.199804,1.8052115506796,1.78596068459411,0.366705894470215
16.399834,1.81195981969129,1.78787790154221,0.358609676361084
16.599775,1.79885188826046,1.7886284277338,0.349628448486328
16.799925,1.82160277672703,1.79170187089772,0.34629487991333
16.999739,1.82499382067951,1.79404479466645,0.34202241897583
17.199787,1.82166983799727,1.79631346421168,0.339131832122803
17.399825,1.84789951203376,1.80042676680846,0.332419395446777
17.599759,1.85004901885986,1.80416065233505,0.319425106048584
17.799736,1.85004901885986,1.80764428560502,0.304080486297607
17.99972,1.84336342717179,1.81022167764575,0.291840076446533
18.19978,1.81713086841926,1.81059865919816,0.280051708221436
18.399808,1.81514251232147,1.81094079552752,0.272167205810547
18.599741,1.81514251232147,1.81125976082355,0.260642528533936
18.799719,1.82885150265852,1.81292711843396,0.25462818145752
18.999712,1.88129716909839,1.81844285642817,0.25169038772583
19.199763,1.92155687436664,1.8270963926129,0.251273155212402
19.399792,1.93731546401978,1.83545392079971,0.248790740966797
19.599726,1.93731546401978,1.84323911756261,0.252631664276123
19.799713,1.93731546401978,1.85044148910478,0.251016616821289
19.999697,1.93731546401978,1.85697296973563,0.249310970306396
20.199746,1.93731546401978,1.86306900774958,0.246819972991943
20.399776,1.94091811405267,1.86910845037366,0.249336242675781
20.599716,1.95402593068826,1.87567120192584,0.25397777557373
20.799697,1.95476877689362,1.88161648091923,0.258109092712402
20.999673,1.93872680733442,1.88556182398506,0.263226509094238
21.199731,1.90881191037306,1.88708230145694,0.272296905517578
21.399769,1.86946741274721,1.88557938387408,0.281598091125488
21.599703,1.84259737808066,1.8817306442239,0.28352165222168
21.799682,1.81638067107824,1.87638470603267,0.289688110351563
21.999665,1.79768919944763,1.87036894651529,0.298490524291992
22.199722,1.79768919944763,1.86479045572293,0.305984020233154
22.399752,1.785149908299,1.85849409174751,0.322489738464355
22.599683,1.78842656863281,1.85338131525995,0.337804317474365
22.799672,1.79768919944763,1.84912295454185,0.340748310089111
22.999647,1.79768919944763,1.84517328673854,0.342299461364746
23.199633,1.79768919944763,1.84160353873412,0.348578453063965
23.399736,1.81425092863433,1.83992669301113,0.350620269775391
23.599668,1.83653015408726,1.8397595431033,0.351040363311768
23.799656,1.84963768001589,1.84055007588309,0.34720516204834
23.99963,1.85004901885986,1.84126416006732,0.349170207977295
24.199616,1.84169241837802,1.84109480207302,0.348526954650879
24.399717,1.82857364960779,1.84004222933633,0.338189601898193
24.59966,1.81546558705898,1.83812824753761,0.331589221954346
24.799638,1.84071170729933,1.83895776690069,0.325475692749023
24.999613,1.85004901885986,1.83979875636827,0.323922634124756
25.199609,1.85414773656433,1.84099244660485,0.318290710449219
25.399711,1.86726612444181,1.84303275787271,0.315377712249756
25.599634,1.85463120926546,1.84358417523544,0.317867755889893
25.799621,1.85004901885986,1.8440742837281,0.317173957824707
25.999605,1.84586680335972,1.84411275266441,0.313992023468018
26.199591,1.83275527257102,1.84322634647935,0.312174797058105
26.399695,1.8455547687172,1.84372295269535,0.318933963775635
26.599627,1.85866202877538,1.84506368945292,0.324886798858643
26.799614,1.85896274052565,1.84592484509199,0.328980922698975
26.99959,1.83274749857083,1.84489877546027,0.331589221954346
27.199568,1.80652701032902,1.84136842255375,0.330059051513672
27.399677,1.79768919944763,1.83805623468342,0.330615043640137
27.599612,1.79768919944763,1.83497238510107,0.332200527191162
27.79959,1.79771240719258,1.83210396901175,0.331717491149902
27.999574,1.83704442130602,1.83345194205627,0.333518505096436
28.199559,1.84127269325285,1.83383212901543,0.3328537940979
28.399661,1.83259582519531,1.83373758833831,0.333382606506348
28.599595,1.83240351627248,1.83363036823428,0.331980228424072
28.79958,1.80618749723181,1.83092994167096,0.326446533203125
28.999567,1.7888282776804,1.82752600186194,0.319236755371094
29.199543,1.78475371979785,1.82436534225049,0.316578388214111
29.399647,1.79805530013952,1.82234674132068,0.320009231567383
29.599587,1.82427241057528,1.82311726347892,0.327731132507324
29.799566,1.82364917617636,1.82294052373726,0.33309268951416
29.999542,1.82434522497852,1.82326515924182,0.336087703704834
30.199528,1.8503079220368,1.82535324354801,0.335795402526855
30.399638,1.86342747502158,1.82852559059954,0.329801559448242
30.599571,1.85846964704803,1.8305737335519,0.322006225585938
30.799553,1.85004901885986,1.83206116805578,0.316929817199707
30.999533,1.85004901885986,1.83344569157215,0.315550804138184
31.199519,1.85004901885986,1.83469535289952,0.31348705291748
31.399624,1.86828904265349,1.83768212831125,0.309125900268555
31.599556,1.89450174417782,1.84224362740644,0.301541805267334
31.799541,1.91900658789731,1.84812721630477,0.299231052398682
31.999518,1.89278580780429,1.85089999788235,0.295773506164551
32.199504,1.89415178489388,1.85439760193141,0.292126178741455
32.399607,1.89754729893653,1.85757889321247,0.290939807891846
32.59954,1.88547127134393,1.85973679671447,0.29551887512207
32.799525,1.89857888706478,1.86295031700601,0.301186084747314
32.999502,1.92096844210418,1.86779086557643,0.308846950531006
33.199487,1.93731546401978,1.87309597070667,0.307778835296631
33.399587,1.93671276163725,1.87797772135829,0.3057541847229
33.59953,1.92360429623222,1.88113379985989,0.301547050476074
33.799508,1.90112995149005,1.88219139757622,0.312435626983643
33.999485,1.87993451874405,1.88190023586295,0.32946252822876
34.199478,1.86614414986704,1.88065656587298,0.336575031280518
34.399581,1.83990585424384,1.87703083318776,0.341689109802246
34.599506,1.8420477235887,1.87461432555917,0.348943710327148
34.799491,1.84494064555617,1.87222897755016,0.354718685150146
34.999477,1.8310686996541,1.86902843843675,0.357059955596924
35.199463,1.80484703497783,1.86364927768863,0.360341548919678
35.399566,1.78814957866769,1.85770556794489,0.364442348480225
35.599498,1.78023588657379,1.85179953857499,0.370828628540039
35.799485,1.7793839715304,1.84621321881072,0.3854660987854
35.999459,1.76627727366252,1.83992254598441,0.39146089553833
36.199437,1.75316738890499,1.83313166611603,0.395694255828857
36.399548,1.74532926082611,1.82643462769565,0.396708965301514
36.59948,1.74345920152108,1.82001738142127,0.395299911499023
36.799468,1.71724376479782,1.81175435798898,0.397299766540527
36.999444,1.71042275428772,1.80409908170637,0.39522123336792
37.199429,1.71577989126475,1.7974947840253,0.394854068756104
37.399531,1.7309431141086,1.79244830534762,0.396398067474365
37.599463,1.77026499060538,1.7915257483616,0.392541885375977
37.799449,1.79002102862585,1.79165054488131,0.385239124298096
37.999428,1.79768919944763,1.79211112733434,0.372579574584961
38.199411,1.79878729246118,1.79264985936938,0.356165885925293
38.399481,1.81190422297773,1.79435083432848,0.345610618591309
38.599447,1.82501400134508,1.79690974762521,0.338324069976807
38.799436,1.83259582519531,1.79963067301174,0.332046985626221
38.999421,1.83023076109773,1.8019274932154,0.328628063201904
39.199405,1.80400827518034,1.80160689405529,0.327153205871582
39.399456,1.78773347571336,1.80031499726134,0.313917636871338
39.599431,1.78584873195316,1.79934531313916,0.295913219451904
39.799426,1.80150299219656,1.79959940381058,0.277303695678711
39.999403,1.84082402913988,1.80341463998602,0.261798858642578
40.199381,1.8801526794062,1.8099434304817,0.248811721801758
40.399491,1.90810943810673,1.81755792591218,0.246284008026123
40.599423,1.92257162652922,1.8256775190556,0.242990016937256
40.799402,1.94878548972142,1.83542777673627,0.234586715698242
40.999388,1.98512558274908,1.84744521606743,0.230834484100342
41.199372,2.00712871551514,1.85957865985753,0.222076892852783
41.399473,2.00712871551514,1.87089059725552,0.211450099945068
41.599407,2.00712871551514,1.88118376833482,0.200682640075684
41.799393,1.99692392130052,1.88966595387551,0.200917720794678
41.999378,1.9896754026413,1.89727793617902,0.201729774475098
42.199355,1.991193341416,1.90452006544318,0.208559036254883
42.399459,2.00431240246954,1.9122904495336,0.211792469024658
42.599391,2.02771111726685,1.92149561059449,0.218917369842529
42.799376,2.05392986345186,1.93184532570062,0.22077751159668
42.999362,2.07533994976496,1.94279968823727,0.223099708557129
43.199339,2.0622289776876,1.95163170683624,0.225460052490234
43.399441,2.03873231903579,1.95770314947833,0.2337646484375
43.599382,2.01854898243832,1.96219227823459,0.235322952270508
43.79936,2.00543855832038,1.96547371682324,0.247759342193604
43.999346,1.99233087705653,1.96730893419492,0.268017292022705
44.19933,1.96876638285601,1.96690726694362,0.283101558685303
44.399434,1.95476877689362,1.96598203658608,0.298873424530029
44.599367,1.9565429602071,1.96529860885063,0.311704158782959
44.799344,1.969650051584,1.96582393456285,0.320241451263428
44.999331,1.97222208976746,1.96630708334622,0.323245525360107
45.199316,1.94123906646184,1.96366142299861,0.327768325805664
45.399417,1.88123230091442,1.95724852437346,0.327256679534912
45.59935,1.85501758546574,1.94912261066579,0.333564758300781
45.799337,1.81817547333572,1.93848234415189,0.340369701385498
45.999323,1.78512770225729,1.926542282456,0.351555824279785
46.1993,1.76278257369995,1.91401399078542,0.364652156829834
46.3994,1.76278257369995,1.90255152121066,0.377718925476074
46.599333,1.76278257369995,1.89202780334972,0.381672859191895
46.79933,1.75641505408222,1.88157522710697,0.384292125701904
46.999297,1.74128700208659,1.87074361913162,0.389692306518555
47.199283,1.71506424497351,1.85859767097378,0.39677095413208
47.399383,1.73201807640446,1.84958362047921,0.399044990539551
47.599326,1.74532926082611,1.84165916895349,0.401163578033447
47.799303,1.74743813615999,1.8344858451214,0.407719135284424
47.999278,1.76054568712945,1.82903848842688,0.408365249633789
48.199264,1.77365616423696,1.82512719379014,0.399529457092285
48.399333,1.77369901567192,1.82105642215429,0.386993885040283
48.599309,1.76716990713023,1.81702543303526,0.376760005950928
48.799287,1.79338431941386,1.81555490207005,0.368535041809082
48.999271,1.76481606739408,1.81092202869399,0.367767810821533
49.199258,1.73871361676882,1.80527212869735,0.373066425323486
49.399316,1.73243290248662,1.7997915343729,0.377346515655518
49.599291,1.7586529278932,1.796975272346,0.3778977394104
49.799269,1.78486928149911,1.79660503975674,0.381998538970947
49.999255,1.79768919944763,1.79668754523233,0.383573055267334
50.199241,1.79533196900375,1.79652864750187,0.385178089141846
50.399342,1.78221359740927,1.79528732191801,0.383488178253174
50.599274,1.79136601139969,1.79526533469166,0.384124755859375
50.799319,1.80447931161972,1.79612881712213,0.382948398590088
50.999248,1.81270118190506,1.79734233267187,0.38111400604248
51.199225,1.7995902993774,1.79736874983437,0.378092288970947
51.399327,1.7864716851202,1.79627117042966,0.371855735778809
51.599269,1.78710803099996,1.79573888508793,0.36478328704834
51.799246,1.8002177189329,1.79614131459356,0.359759330749512
51.999223,1.81332549944686,1.79758925928448,0.35214376449585
52.199207,1.82643590183172,1.80004182104662,0.343957901000977
52.39931,1.84651360998151,1.80390950484036,0.334385395050049
52.59925,1.86488844859879,1.80852105175165,0.323386669158936
52.799327,1.85177169968393,1.81168876690667,0.316536903381348
52.999205,1.8614273054891,1.81571503466263,0.310439586639404
53.199201,1.8675023317337,1.81965177531028,0.304740905761719
53.399303,1.87289691708196,1.82385916113898,0.297269821166992
53.599228,1.89907567517095,1.82983795301627,0.290531158447266
53.799214,1.91386400672879,1.83645224184801,0.284077167510986
53.999201,1.92698175887379,1.84350186758819,0.275218486785889
54.199184,1.94009239115551,1.85096172262088,0.268707275390625
54.399286,1.95321077903298,1.85887964029526,0.262837409973145
54.599219,1.96631869489985,1.86724709444523,0.262929439544678
54.799315,1.97943523874678,1.8759378046099,0.267362594604492
54.999184,1.98109354086377,1.88377804900267,0.265206813812256
55.199167,1.94175941765476,1.88786541455084,0.263572692871094
55.399269,1.92567847190024,1.89042951839274,0.265011787414551
55.599202,1.90528005898313,1.89120764172352,0.267086505889893
55.799189,1.88200747555207,1.89043376581877,0.261495590209961
55.999166,1.86889989194182,1.8886821535577,0.25663423538208
56.199153,1.8675023317337,1.88708664303711,0.25102710723877
56.399265,1.8748811935296,1.88633535381849,0.254542350769043
56.599194,1.89102128252192,1.88683617763032,0.260946750640869
56.799174,1.91724334244792,1.88936062164011,0.267718315124512
56.99915,1.94345806098954,1.89401493760427,0.275371074676514
57.199145,1.93240367903754,1.89639336798491,0.278958797454834
57.399247,1.89616765673121,1.89623030036575,0.288022994995117
57.59917,1.86995435092089,1.89403389893601,0.298881053924561
57.799158,1.81997439860537,1.88729051068129,0.312506198883057
57.999145,1.77507321802537,1.87823948491965,0.315308570861816
58.199128,1.74852583995653,1.86839994586132,0.310832500457764
58.399231,1.76164434266851,1.86032467768509,0.311331748962402
58.599163,1.7867218649492,1.85537853200378,0.312309741973877
58.799299,1.82059526862946,1.85328554544755,0.316648960113525
58.999128,1.85660940121992,1.85369395349577,0.324259281158447
59.199104,1.88282995170229,1.85608687038806,0.334584712982178
59.399215,1.86084236142795,1.85585035189285,0.3433518409729
59.599145,1.84233826319592,1.8546388770827,0.351659774780273
59.799133,1.82922792833713,1.85261448408355,0.360867977142334
59.99911,1.8161204431765,1.84974549635483,0.366745471954346
60.199095,1.81514251232147,1.84714129030484,0.362069606781006
60.399195,1.82294019428062,1.84549014466853,0.357478141784668
60.599128,1.83259582519531,1.84450321290526,0.35701322555542
60.799114,1.83259582519531,1.84359066378762,0.368669033050537
60.999093,1.84481323772471,1.84398522049785,0.382736206054688
61.199078,1.83430090142713,1.84287080260232,0.393383502960205
61.39919,1.81868290813822,1.84110110860932,0.40579080581665
61.599113,1.83178970873951,1.84044912362055,0.406853199005127
61.7991,1.85720513126871,1.84231906647189,0.396001815795898
61.999086,1.87546298257152,1.84502609955386,0.383223056793213
62.199062,1.88857131366924,1.84844230949087,0.36294412612915
62.399165,1.90168971782959,1.85258289599049,0.348533153533936
62.599107,1.91479826516244,1.85756708876628,0.344437599182129
62.799085,1.92790689186743,1.86309509932163,0.3426194190979
62.99907,1.94101540323886,1.86913908813047,0.345408916473389
63.199057,1.95412630113574,1.87570470098216,0.339921951293945
63.399158,1.97972188078306,1.88413810175201,0.344057083129883
63.599089,1.98154473633057,1.89132301869215,0.340899467468262
63.799067,1.9684352666053,1.89712906115691,0.344203472137451
63.999053,1.95532709308594,1.90155217105027,0.344346046447754
64.199039,1.94221623254389,1.90429868805023,0.351951122283936
64.399141,1.91266253378943,1.90433965027349,0.337867259979248
64.599073,1.87721209333776,1.90208314759351,0.329139709472656
64.799071,1.85098747616979,1.89808663196784,0.321516036987305
64.999045,1.87532481577292,1.89700326592962,0.31355094909668
65.19902,1.91812951545078,1.89940585954627,0.304251670837402
65.399124,1.96664525898408,1.90482629903302,0.303773403167725
65.599065,2.00597082587622,1.91267761791914,0.299362659454346
65.799043,2.01985299210758,1.92103816569031,0.303226947784424
65.999021,2.02458190917969,1.92887986272036,0.304976463317871
66.199005,2.01651099893129,1.9353838582466,0.297350406646729
66.399115,1.9902731652897,1.93955977294056,0.289961338043213
66.599047,1.97686704093184,1.94204459140916,0.268399238586426
66.799127,1.97222208976746,1.94433355363923,0.258082389831543
66.999013,1.9804611202159,1.9472879524955,0.248161315917969
67.198997,2.00668252265717,1.95188966901789,0.244506359100342
67.3991,2.04581659013531,1.95990161703163,0.24867057800293
67.599033,2.07658920330679,1.96914331653587,0.250376224517822
67.79901,2.09860140571269,1.97911725454097,0.26390266418457
68.198982,2.09887651985732,1.99720887336611,0.291225433349609
68.399084,2.05984622078465,2.00112192169245,0.304636001586914
68.599017,2.00741611693781,2.0011982604171,0.312485694885254
68.799007,1.95496887313354,1.99762326656355,0.309960842132568
68.998982,1.94171192397303,1.99310101458104,0.311260223388672
69.198965,1.93731546401978,1.98887468748903,0.312984943389893
69.399066,1.9416938549836,1.98537073231922,0.317515850067139
69.598999,1.95480175306914,1.98301752206697,0.341830253601074
69.798986,1.96791270021383,1.98220647249885,0.35836935043335
69.998963,1.98102133915976,1.9823299168388,0.387101173400879
70.198956,1.99413100410831,1.98333676122575,0.419034481048584
70.399058,2.00664619948434,1.98512170404201,0.444432258605957
70.598981,1.95421899707918,1.98153011548031,0.449636936187744
70.798968,1.88401571785188,1.97287019086459,0.452644824981689
70.998954,1.81443940264224,1.96038336790357,0.462451457977295
71.198931,1.76258667385071,1.94522441149089,0.468450546264648
71.399033,1.74946754679808,1.93025438259207,0.471652030944824
71.598975,1.74532926082611,1.91630711966864,0.476142406463623
71.798962,1.74995564387659,1.90375378444438,0.481019973754883
71.998939,1.76306242662468,1.89295811555521,0.486179351806641
72.198924,1.77616010674429,1.88449843872485,0.488606929779053
72.399026,1.77118778529715,1.87570291201526,0.496126174926758
72.598958,1.74864915358086,1.86568400634554,0.498211860656738
72.798936,1.70857935316778,1.85358608672587,0.512944221496582
72.998923,1.64304046254152,1.83635500036489,0.52286958694458
73.198909,1.62315630912781,1.82030094489546,0.531398296356201
73.399008,1.6279543737613,1.80578546476474,0.531033992767334
73.598943,1.64060950279236,1.79311831843511,0.524197578430176
73.798926,1.64060950279236,1.78166454671389,0.521579265594482
73.998915,1.64060950279236,1.77101170624759,0.518696784973145
74.198891,1.65035772046329,1.76204848129894,0.508408546447754
74.39895,1.67659036616052,1.75549989009622,0.498241424560547
74.598935,1.70281170273227,1.75210411852789,0.484276294708252
74.798912,1.7290284324806,1.75080997822751,0.468527793884277
74.998891,1.74532926082611,1.75039162082179,0.451859951019287
75.198875,1.74409794057361,1.74987886077365,0.45209789276123
75.398942,1.71786574496534,1.74690381156559,0.460546493530273
75.598918,1.70103359183453,1.74320460234132,0.449251651763916
75.798896,1.70810545596467,1.74088488253819,0.435410022735596
75.998882,1.74882864317329,1.74157651367754,0.414767742156982
76.198866,1.81438559673931,1.74843471290918,0.388220310211182
76.398969,1.88945580059696,1.7604496258176,0.356446743011475
76.5989,1.94757664260869,1.77490466642182,0.324439525604248
76.798877,1.9706475272626,1.7898510893262,0.303618907928467
76.998866,1.94443029466052,1.80094738225496,0.287274360656738
77.198848,1.90865802920272,1.80838818567036,0.278079986572266
77.398951,1.89017355006296,1.81475063913437,0.280804634094238
77.598885,1.90153643278954,1.82139797859298,0.275216579437256
77.79887,1.88842561676284,1.82619402125157,0.271551132202148
77.998858,1.89459422322235,1.83159951767617,0.253395557403564
78.198833,1.90770260630778,1.83752614169981,0.232838153839111
78.398938,1.92178131397181,1.84404788281624,0.217735767364502
78.598878,1.94799705465923,1.8523967398957,0.201399326324463
78.798882,1.99364241513956,1.86398824718162,0.19179630279541
78.998834,2.02995273085558,1.87672693272145,0.176092624664307
79.198819,2.04203534126282,1.8894000233664,0.173176288604736
79.398929,2.04203534126282,1.90090873882887,0.18085241317749
79.598864,2.06165363279171,1.91349857866592,0.185848236083984
79.798839,2.08787180104608,1.92700256608252,0.184957504272461
79.998827,2.1118483543396,1.94114884999633,0.181100368499756
80.198813,2.1118483543396,1.95400917266752,0.179557800292969
80.398913,2.10195199191862,1.96493284620196,0.181565761566162
80.598836,2.08884536422514,1.97422952992405,0.179999351501465
80.798982,2.0769419670105,1.98212008553171,0.178611755371094
80.998809,2.0769419670105,1.98927813060652,0.177328109741211
81.198785,2.09688527105229,1.99788592476464,0.17758846282959
81.398887,2.1118483543396,2.00656621469571,0.173377990722656
81.598827,2.10797204178543,2.01425815532224,0.17280101776123
81.798812,2.06863953551189,2.01768038228456,0.184176445007324
81.998791,2.03937340995982,2.01882835562183,0.197707176208496
82.198776,1.99601431680866,2.01641217839471,0.211958885192871
82.398885,1.93317604390833,2.00992236791988,0.222350120544434
82.598812,1.8938553880134,2.00048109944197,0.229898452758789
82.798888,1.88495564460754,1.99175980880289,0.230871677398682
82.998787,1.87915425915205,1.98305680896397,0.23490571975708
83.19876,1.8675023317337,1.97419549044008,0.241765975952148
83.39886,1.8675023317337,1.96612004419602,0.249135971069336
83.598794,1.84704618634167,1.95664231249665,0.255925178527832
83.798781,1.83848040881021,1.94779335248886,0.263147354125977
83.998759,1.85774238555346,1.94106379612198,0.268004417419434
84.198743,1.92329629457999,1.94077974839081,0.277547836303711
84.398854,1.92699993647141,1.9394863155719,0.282147407531738
84.598786,1.92583214225972,1.93858834149495,0.289999485015869
84.798763,1.93406219197791,1.93816521002324,0.299590110778809
84.99875,1.90784580337993,1.93545488761526,0.314295768737793
85.198735,1.86084173972861,1.92880953633961,0.328059196472168
85.398839,1.83259582519531,1.92148356147093,0.335629463195801
85.598771,1.83430698046179,1.91483614638399,0.338567733764648
85.798747,1.84741770787825,1.90992370596221,0.337580680847168
85.998735,1.87100350740476,1.90749835717145,0.332148551940918
86.198719,1.88495564460754,1.90578144359862,0.325113773345947
86.398819,1.89035203533502,1.90472106223794,0.322964668273926
86.598754,1.92967441233403,1.90719405340841,0.329870700836182
86.79874,1.94787919397074,1.91052429389272,0.334753513336182
86.998719,1.94854922961365,1.9132712114047,0.338418006896973
87.198702,1.93544077287003,1.91492943438395,0.339720726013184
87.398803,1.92232258942638,1.91530423476084,0.342279434204102
87.598737,1.91986227035522,1.91564833806443,0.344616413116455
87.798722,1.9072542415328,1.91470848334396,0.347001075744629
87.9987,1.88103891731171,1.91203374110654,0.349992275238037
88.198692,1.85481656442775,1.90732679594931,0.35398530960083
88.398797,1.82857833956178,1.90085904516781,0.352848052978516
88.59872,1.80875341870319,1.89370339721275,0.348369121551514
88.798706,1.79564299372466,1.88613867251311,0.340187072753906
88.998693,1.78253470543202,1.8781017745909,0.333306312561035
89.198669,1.80185752462678,1.87288167650526,0.323704242706299
89.398771,1.82809430354861,1.86978003575038,0.318253517150879
89.598714,1.84791826196081,1.86805305051626,0.306777000427246
89.798701,1.83480676411552,1.86535685290436,0.29410982131958
89.998677,1.82169918760015,1.86179643692794,0.287055015563965
90.198654,1.80859022619919,1.85759218222462,0.283961772918701
90.398763,1.79547074854618,1.85277341028056,0.281783103942871
90.598696,1.78236334158733,1.8472593684899,0.28199577331543
90.798695,1.78023588657379,1.84220473408452,0.28108024597168
90.998662,1.78023588657379,1.83749182039996,0.277079582214355
91.198647,1.78023588657379,1.83310157431136,0.272065162658691
91.398948,1.78023588657379,1.82907251681461,0.267846584320068
91.598681,1.79130271059894,1.82650016745976,0.261838436126709
91.798667,1.82458128491392,1.82699724631368,0.25805139541626
91.998654,1.86274510704819,1.82962763766214,0.255931377410889
92.19863,1.83652464611138,1.82985364979537,0.258613109588623
92.398732,1.79913208689303,1.82671503236217,0.258691310882568
92.598663,1.79385348805564,1.82454215759688,0.261137962341309
92.79881,1.82257122342512,1.82456357832696,0.26402473449707
92.998638,1.86186252017271,1.82783139733173,0.271457672119141
93.198614,1.8675023317337,1.83082242915613,0.281400680541992
93.398715,1.85371086373983,1.8322346760725,0.293030261993408
93.598657,1.83514635482257,1.83251741091828,0.301633834838867
93.798634,1.84825709855109,1.83385385069208,0.299566745758057
93.998622,1.83873266242734,1.83394309661823,0.283174991607666
94.198597,1.83956750499767,1.83453786270508,0.272125720977783
94.398708,1.85004901885986,1.83572788235409,0.274694442749023
94.598639,1.85004901885986,1.8368199583722,0.284422874450684
94.798807,1.86146395475066,1.8389594634928,0.29176139831543
94.998604,1.85338485651785,1.83971580005209,0.299521446228027
95.198589,1.83802431306723,1.83971291944561,0.309864521026611
95.398691,1.86426099922122,1.84183441746272,0.321084976196289
95.598623,1.87898903231419,1.84491664370145,0.328266620635986
95.79861,1.88495564460754,1.8479599216251,0.336416721343994
95.998596,1.88495564460754,1.85079484144619,0.338676452636719
96.198573,1.88495564460754,1.85340229233985,0.333810329437256
96.398674,1.90810399646469,1.85809423542413,0.336704730987549
96.598616,1.92709137317992,1.86350823629029,0.340818405151367
96.798594,1.94019828785454,1.86944696633633,0.343692302703857
96.998571,1.9532930854015,1.87595009646607,0.337034702301025
97.198556,1.98970289861103,1.88536853024778,0.337203979492188
97.398665,2.01444457382275,1.89534249211961,0.335196018218994
97.598599,2.01567166678169,1.90433412889195,0.340286254882813
97.798574,1.97633950211922,1.90951909441339,0.34929895401001
97.998561,1.92527913829716,1.90954708958222,0.359394073486328
98.198548,1.90240895748138,1.90900470420742,0.370069980621338
98.398652,1.89935152991458,1.90819337758026,0.381124973297119
98.598577,1.88624400737109,1.906417269649,0.384518623352051
98.798624,1.84947598288527,1.90125548384087,0.380778312683105
98.998548,1.82511736958276,1.8952975659109,0.373080730438232
99.198534,1.82141016972857,1.88978925929977,0.358372211456299
99.398635,1.84764682331667,1.8867482958785,0.3466796875
99.598567,1.86195525387461,1.88517608854262,0.330648422241211
99.798552,1.87506646768025,1.88458992543238,0.319977283477783
99.998532,1.88173463598212,1.88429583348511,0.318285465240479
100.198516,1.86862723347223,1.88301094762629,0.319322109222412
100.398618,1.85550907942051,1.88064352499747,0.327351570129395
100.59855,1.83475386100319,1.87679224558366,0.3395676612854
100.798537,1.81183763791843,1.87174345629345,0.351999282836914
100.998515,1.79873048099853,1.8660786981445,0.358642101287842
101.198499,1.77354959131769,1.85852536412618,0.360809803009033
101.398537,1.74732048424376,1.84972118005349,0.351099967956543
101.598535,1.72787594795227,1.84040869582576,0.340482711791992
101.79852,1.72787594795227,1.83180179161746,0.327229976654053
101.998505,1.75218618163497,1.82641558019057,0.318517684936523
102.198491,1.7862172272294,1.82392899660804,0.311357498168945
102.39852,1.81861462079405,1.82360341385777,0.312996864318848
102.598517,1.83172686381584,1.82429265730065,0.316841125488281
102.798511,1.83259582519531,1.82491755712022,0.316908836364746
102.998491,1.8168003443686,1.82392086339481,0.320751190185547
103.198466,1.79768919944763,1.82191349209342,0.326338291168213
103.398494,1.79768919944763,1.82005566103722,0.336842060089111
103.59851,1.78536305905673,1.8171404221029,0.344457626342773
103.798497,1.7882199611373,1.81513777959253,0.351722240447998
103.998474,1.80132970585332,1.81416659310325,0.36585807800293
104.198459,1.8144372723509,1.81424143772067,0.374470710754395
104.398488,1.81514251232147,1.81430928134417,0.38328218460083
104.598493,1.81514251232147,1.81437253272171,0.386399745941162
104.798485,1.82631722131105,1.81554864479144,0.387392044067383
104.998458,1.86563732408368,1.81953386655683,0.382699012756348
105.198442,1.8675023317337,1.82314098357373,0.379433155059814
105.398472,1.84305198905352,1.82406241820942,0.377981185913086
105.598478,1.7999066586348,1.82185739535997,0.370146751403809
105.798462,1.74746385375226,1.81598480702149,0.36566162109375
105.99845,1.73275440177678,1.80942079366815,0.359200954437256
106.198434,1.74433835147399,1.80488374668485,0.359264373779297
106.39847,1.76278257369995,1.8016629824604,0.364464282989502
106.598461,1.76278257369995,1.79867601088536,0.371447086334229
106.798458,1.77544483506877,1.79724337547647,0.383154392242432
106.998435,1.78023588657379,1.79595357054047,0.393727779388428
107.198411,1.77626377997579,1.79435448387413,0.407542705535889
107.398449,1.76314899669827,1.79192713492549,0.414927005767822
107.598452,1.75007065000122,1.78847120869383,0.42216682434082
107.798437,1.73694982214924,1.78436014492395,0.429803371429443
107.998416,1.73599587744761,1.7808467024924,0.434539318084717
108.198392,1.76220973223194,1.77945783706208,0.435005664825439
108.398429,1.78843803825475,1.78076966737841,0.434069156646729
108.598438,1.81466364602332,1.78374954025564,0.431975841522217
108.798417,1.83259582519531,1.78748304984759,0.427503108978271
108.998403,1.83259582519531,1.79095263774832,0.416827201843262
109.198387,1.83259582519531,1.79408149640626,0.406933307647705
109.398417,1.83259582519531,1.79700178907359,0.394289970397949
109.598418,1.83682435162377,1.80014544798809,0.390218734741211
109.798403,1.84993507810122,1.80398605061421,0.395413398742676
109.99839,1.87603775858523,1.81004061456195,0.396901607513428
110.198366,1.90225627172429,1.81743999600475,0.408568859100342
110.398396,1.92417290926226,1.82568959450988,0.421741485595703
110.598404,1.93728504508143,1.83427426050455,0.428826332092285
110.79839,1.92423450152635,1.84070174591184,0.431734085083008
110.998376,1.8849154010579,1.84320403450534,0.428679943084717
111.198353,1.84565723386303,1.8432879202454,0.421489238739014
111.39838,1.83254311635564,1.84245889627043,0.406758785247803
111.598399,1.81943021908898,1.84040608624368,0.39178466796875
111.798383,1.79749645527229,1.83672828520442,0.390583992004395
111.998363,1.76231880813268,1.83062705488688,0.391572952270508
112.198339,1.71042275428772,1.82138858759691,0.389281272888184
112.398333,1.71042275428772,1.8130585206702,0.380075931549072
112.598378,1.71042275428772,1.80528964710193,0.371299743652344
112.798357,1.70585970242988,1.79759566566098,0.364959716796875
112.998343,1.69275211170594,1.78953031303339,0.35756778717041
113.198329,1.67964113162403,1.78096837695508,0.354371547698975
113.398313,1.68450221069853,1.77388637293154,0.354649066925049
113.598364,1.69296944141388,1.76770806435298,0.348507881164551
113.79835,1.69327514886386,1.76198831530605,0.342992305755615
113.998336,1.70638347006708,1.75810995907193,0.333415031433105
114.198312,1.72856292980192,1.75631285196985,0.331209182739258
114.398342,1.75479037746589,1.7564198545977,0.328536510467529
114.598349,1.78023588657379,1.75825330771315,0.32627010345459
114.798334,1.78023588657379,1.75990825243506,0.327724933624268
114.998321,1.78023588657379,1.76144736302346,0.333991527557373
115.198296,1.78504739461437,1.76336295705434,0.333675861358643
115.398326,1.79863416683123,1.76609988457457,0.333400249481201
115.59834,1.82485960130645,1.77110666338095,0.328651428222656
115.798315,1.84183777584767,1.77668270632722,0.313881397247314
115.998302,1.8598463028129,1.78325753164216,0.302649974822998
116.198278,1.88606174769631,1.79118234401625,0.297824859619141
116.398317,1.91229026307969,1.80086259773427,0.294546604156494
116.598325,1.92918895389203,1.81078431619476,0.297590732574463
116.798301,1.93731546401978,1.8204242355394,0.304365634918213
116.998287,1.93731546401978,1.82940295712679,0.316049575805664
117.198272,1.93731546401978,1.837525626736,0.330073356628418
117.398303,1.90908844488711,1.8422536292281,0.344869136810303
117.598309,1.86975094905211,1.84399243295198,0.355889320373535
117.798284,1.83332063006074,1.84318817884801,0.359215259552002
117.99828,1.84642951718922,1.84370561329981,0.349931716918945
118.198256,1.8310690984399,1.84228770548923,0.339864730834961
118.398286,1.81514251232147,1.84021573742247,0.326350688934326
118.598293,1.81757058457458,1.8385297945225,0.312225341796875
118.798278,1.85690456833622,1.84071622978258,0.306496143341064
118.998264,1.90580649705606,1.84656736198767,0.30230712890625
119.198239,1.93731546401978,1.85348354181343,0.30472993850708
119.398269,1.93642409315346,1.85983796165455,0.305465698242188
119.598278,1.92331125146468,1.86436884397676,0.308380603790283
119.798262,1.91986227035522,1.86856557595858,0.314298629760742
119.998249,1.93049920152425,1.87353977787339,0.31997013092041
120.198225,1.95476877689362,1.87978001401447,0.319625377655029
120.398261,1.95476877689362,1.88544229216047,0.322664260864258
120.598268,1.95476877689362,1.89068367954308,0.328536510467529
120.798244,1.94936562439422,1.8950297876499,0.3267822265625
120.998231,1.93837664673039,1.89838658912954,0.321656227111816
121.198216,1.95148396711716,1.90264516407305,0.320325374603271
121.398246,1.93511187108853,1.90462172380596,0.324970722198486
121.598253,1.90888673519487,1.90468665733147,0.321203231811523
121.798229,1.88495564460754,1.90316990349045,0.317638397216797
121.998224,1.88495564460754,1.90179298773339,0.316202640533447
122.1982,1.88495564460754,1.90051994102088,0.316349506378174
122.398229,1.86824541545108,1.89766281713038,0.319230079650879
122.598238,1.83136661800459,1.89254060612227,0.3255295753479
122.798222,1.81825542429666,1.88668933521886,0.327346801757813
122.99821,1.82513835283299,1.88228269173308,0.332067012786865
123.198186,1.84389767943173,1.87962590629496,0.329717636108398
123.398214,1.87012479997313,1.87895626552981,0.324292659759521
123.598227,1.89635118697173,1.88073154306295,0.3161940574646
123.798203,1.89232745372211,1.88136189752233,0.303797245025635
123.998182,1.87348073275528,1.88048843765834,0.29345178604126
124.198165,1.84865662083174,1.87801076453531,0.286825180053711
124.398204,1.83554235419263,1.87457170812611,0.286278247833252
124.598211,1.83259582519531,1.87139961457778,0.289638996124268
124.798187,1.84424138013536,1.86960694497203,0.294806480407715
124.998174,1.87046339977211,1.86974141303989,0.302463531494141
125.198159,1.89667833587641,1.87221539436869,0.308935642242432
125.398186,1.89216085323467,1.87347249079943,0.316394805908203
125.598195,1.88495564460754,1.87434775037873,0.319364070892334
125.798171,1.88339153833836,1.87500615784779,0.312121868133545
125.998158,1.87028388997867,1.8744374741759,0.297660350799561
126.198143,1.89848928532733,1.87701166807793,0.28345775604248
126.398171,1.91986227035522,1.88027682376887,0.278021812438965
126.598179,1.91821364331069,1.88315233167576,0.276562690734863
126.798166,1.90510205591089,1.88461269719788,0.2811279296875
126.998151,1.89199369045137,1.88491517110528,0.286080837249756
127.198128,1.88495564460754,1.88491822844465,0.29071569442749
127.398156,1.88668646064227,1.8850941694829,0.295852661132813
127.598173,1.89979981787024,1.88640812146533,0.296236515045166
127.798146,1.91290993539419,1.8886664476089,0.296217918395996
127.998125,1.91370570893186,1.89042657381078,0.287223339080811
128.19811,1.89878625263875,1.89098417327171,0.279127597808838
128.398149,1.8725562593705,1.88920130624845,0.265659809112549
128.598154,1.89925807280028,1.89073805089101,0.254082202911377
128.798131,1.92610473245195,1.89357985460767,0.24372673034668
128.998108,1.93731546401978,1.89693675961144,0.233695030212402
129.198104,1.93731546401978,1.90000216700936,0.230543613433838
129.398131,1.92664805369575,1.90175282230304,0.236223697662354
129.598136,1.91986227035522,1.90313193890276,0.243098735809326
129.798112,1.91986227035522,1.90441616849024,0.251210689544678
129.998099,1.91986227035522,1.9055895217986,0.261950969696045
130.198084,1.91986227035522,1.90666689518926,0.274031639099121
130.398115,1.90063434099001,1.90574914759165,0.284591674804688
130.59812,1.8675023317337,1.90281388795283,0.301174640655518
130.798096,1.8675023317337,1.90013003864341,0.312650203704834
130.998083,1.85666858552987,1.89658544596477,0.323845863342285
131.19807,1.85004901885986,1.89304412091774,0.329720020294189
131.398097,1.84574841557131,1.88931506023996,0.333361625671387
131.598108,1.81952218335144,1.8836765685432,0.336539268493652
131.79809,1.80422167005392,1.8774180715492,0.344998359680176
131.998078,1.79768919944763,1.8713551658005,0.357971668243408
132.198055,1.79768919944763,1.86570787682817,0.370284557342529
132.398083,1.79768919944763,1.86053380855723,0.380963802337646
132.598098,1.78668409706854,1.85469526875446,0.397433757781982
132.798073,1.76691148779977,1.84770432380459,0.416047096252441
132.998052,1.74532926082611,1.83986108186846,0.416874885559082
133.198037,1.74532926082611,1.83267409153847,0.421969413757324
133.398066,1.78967555998445,1.83052006517636,0.421587467193604
133.598081,1.82188888789374,1.83002453320981,0.416983604431152
133.798058,1.83499971705064,1.830462195581,0.407065391540527
133.998044,1.84811045983941,1.83195399837947,0.402356147766113
134.198029,1.86121890575817,1.83443523305168,0.393962860107422
134.398057,1.85384450103265,1.83558508598789,0.387384414672852
134.598054,1.83259582519531,1.83535578310851,0.382688045501709
134.798225,1.83259582519531,1.83514523707172,0.377964973449707
134.998026,1.82134241472169,1.83382787158373,0.369996547698975
135.198012,1.81514251232147,1.83240675274378,0.372281074523926
135.397998,1.81514251232147,1.83108287335146,0.374832630157471
135.59805,1.81514251232147,1.82986714311112,0.376482009887695
135.798033,1.80380198589234,1.82762312223161,0.369861125946045
135.998019,1.79768919944763,1.82534711783414,0.363975524902344
136.197997,1.79503825751179,1.82296212183826,0.356294631958008
136.39798,1.78192693236078,1.81970368080787,0.345738410949707
136.598031,1.78023588657379,1.81672797947844,0.339974880218506
136.798017,1.7660726272508,1.8125386402828,0.340176105499268
136.997994,1.75080527264376,1.80793693140792,0.348922729492188
137.19798,1.77702201350759,1.80582344995416,0.35493278503418
137.398017,1.80324976157326,1.80619592684994,0.353042602539063
137.598016,1.82947372781371,1.80830898701133,0.347025871276855
137.798,1.85287250313946,1.81178985678313,0.345099449157715
137.997985,1.86598326991884,1.81604208690914,0.334697723388672
138.197972,1.87909133829838,1.82107532749423,0.320816516876221
138.397999,1.90669992163225,1.82809752581675,0.306584358215332
138.597999,1.94312947627601,1.83703414720628,0.292340755462646
138.798087,1.96936451493744,1.84734290094367,0.290424823760986
138.997968,1.98389510253917,1.85788740017864,0.28776741027832
139.197945,1.9823466069163,1.86715132847158,0.289083003997803
139.397975,1.96325478576448,1.87429764774877,0.292518615722656
139.59799,1.92391637917247,1.87777967880222,0.294651508331299
139.797974,1.9316221913226,1.88212415061358,0.28739070892334
139.997954,1.94473099024529,1.8870564655839,0.282323837280273
140.197938,1.95783923980394,1.8925467365104,0.277791023254395
140.397967,1.97095353155312,1.89863581873088,0.27877950668335
140.597973,1.94853470630435,1.90180904388428,0.281475067138672
140.798063,1.90728342660056,1.9015047236451,0.280415058135986
140.997943,1.85802850302481,1.89795559804413,0.280203342437744
141.197922,1.8187050054143,1.89162705630117,0.274223804473877
141.397951,1.79129048618159,1.88349257362198,0.267681121826172
141.597959,1.78023588657379,1.87565810677112,0.266982078552246
141.797941,1.78023588657379,1.86835810260397,0.269615173339844
141.997927,1.78023588657379,1.86161966700534,0.27474308013916
142.197905,1.76822795540712,1.85430127200503,0.279305458068848
142.397935,1.75511520570487,1.84659231240749,0.279702186584473
142.59795,1.74532926082611,1.83884661161052,0.280927658081055
142.797926,1.74532926082611,1.83169340819033,0.279502868652344
142.997913,1.76951458640874,1.82761341334799,0.270811080932617
143.197889,1.77248736669886,1.82324291291497,0.268886566162109
143.397925,1.77641984280704,1.81997810389606,0.27008056640625
143.597934,1.82886920356465,1.82094489678899,0.271286010742188
143.79791,1.86913322744584,1.82547342737308,0.267483234405518
143.997897,1.90846092470615,1.83233171622306,0.267441749572754
144.197881,1.93382520553931,1.84000804910935,0.268118381500244
144.397911,1.92071108558799,1.84612571271666,0.269260406494141
144.597918,1.87080859065421,1.84676935464686,0.27490234375
144.79807,1.86591284190899,1.84860470386631,0.279925346374512
145.197864,1.96838211448621,1.86228071047307,0.295197010040283
145.397894,1.94753068144721,1.86808085317465,0.294822216033936
145.597901,1.91330046247809,1.87093358785494,0.301795482635498
145.797885,1.87763000619211,1.87127415230565,0.303736686706543
145.997862,1.8514096200633,1.86964576435189,0.308103084564209
146.197848,1.81276759894017,1.86444688948722,0.316086292266846
146.397878,1.82194905897869,1.86180729243449,0.324715614318848
146.597894,1.85754228110563,1.86165675226092,0.327178001403809
146.797871,1.88376286421507,1.86344514488625,0.329823017120361
146.997856,1.85992575874318,1.86256009219604,0.338218212127686
147.197843,1.84187831904949,1.8607939887544,0.337893486022949
147.397872,1.84791105240877,1.86016816746099,0.330926895141602
147.597869,1.90035697979282,1.8634119254448,0.327724933624268
147.797851,1.95280105579588,1.87137278591972,0.32462215423584
147.997838,1.98047799628949,1.879836453209,0.320048809051514
148.197817,1.99358745943143,1.88861432479868,0.319413185119629
148.397844,2.00669758179369,1.89770432505003,0.319589614868164
148.59786,1.9944464473135,1.90465771504786,0.324248313903809
148.797846,1.98133537748496,1.91026844129584,0.319754600524902
148.997823,1.96822497422385,1.91460501303392,0.317164897918701
149.197801,1.95511402613423,1.917692164947,0.309663772583008
149.39787,1.95476877689362,1.9204794025939,0.307668209075928
149.597844,1.92949829610812,1.9205522399665,0.30706262588501
149.79782,1.89424777500689,1.91834906235173,0.304078578948975
149.997807,1.86802460020729,1.91443911210362,0.301163673400879
150.197792,1.89319535119676,1.91348160952207,0.300203323364258
150.39782,1.90240895748138,1.91264186455901,0.304929733276367
150.597827,1.90240895748138,1.91185935342309,0.301973819732666
150.797812,1.90240895748138,1.91113212943357,0.298974990844727
150.997798,1.88947523328245,1.90918339110309,0.290505409240723
151.197785,1.89354531001295,1.90820587090243,0.279495716094971
151.397804,1.88541839075907,1.90606475758885,0.267038345336914
151.597813,1.83296872553454,1.90041139364185,0.254209518432617
151.797797,1.8195777617314,1.8940196199137,0.243767738342285
151.997781,1.82381816405027,1.88891126925044,0.241325378417969
152.197761,1.83692745077049,1.88504183566359,0.244287014007568
152.397789,1.85003754912956,1.88234688045689,0.251053333282471
152.597803,1.85004901885986,1.87992046412107,0.259801864624023
152.797788,1.85880861844532,1.87853257565557,0.272181987762451
152.997763,1.86308573422893,1.87724799599882,0.286803245544434
153.19775,1.85019871905891,1.87516813046637,0.296326160430908
153.39778,1.87641984937011,1.87590367116248,0.308353424072266
153.597788,1.85842565196918,1.87393703365827,0.322255611419678
153.797763,1.81459441645943,1.86898239407122,0.334479808807373
153.997748,1.76278257369995,1.86081515711804,0.342345237731934
154.197736,1.76278257369995,1.85345833723033,0.357661247253418
154.397721,1.75386398421633,1.84570539616336,0.37054443359375
154.597772,1.74991443985729,1.83849871414729,0.382174968719482
154.797756,1.76351027583387,1.83274557065563,0.39540958404541
154.997741,1.80284257617202,1.83142141088153,0.403971672058105
155.197721,1.79712511101836,1.82838744903228,0.411355972290039
155.397705,1.77090704249333,1.82377918067012,0.411515235900879
155.597763,1.74532926082611,1.81774191979798,0.409225940704346
155.797739,1.74532926082611,1.81229551361234,0.406270980834961
155.997714,1.73623468591571,1.80631883013699,0.408367156982422
156.197702,1.72312490565453,1.79985884802901,0.412197113037109
156.397695,1.71001692580321,1.79294191838156,0.414830684661865
156.597746,1.69690119169108,1.78542081183174,0.413867950439453
156.797722,1.69296944141388,1.7784273902375,0.409157276153564
156.997707,1.69780557934313,1.77239024574739,0.398599147796631
157.197695,1.71338491452623,1.76791931988506,0.38023853302002
157.397677,1.79203317910648,1.77147503380289,0.361810207366943
157.59773,1.84293123010947,1.77755544272095,0.341825485229492
157.797706,1.87734239402493,1.78539612584036,0.329626560211182
157.997692,1.90356499652604,1.79450054618936,0.319827079772949
158.19768,1.9297804332493,1.80523518899135,0.317902565002441
158.397705,1.94666040503552,1.81614173742796,0.322200775146484
158.597715,1.95476877689362,1.82670021464313,0.328991889953613
158.797697,1.95344448967562,1.83640200488143,0.335051536560059
158.997684,1.92722268493638,1.84269010287692,0.342977523803711
159.197662,1.91043408090511,1.84758452406484,0.340000152587891
159.397689,1.89732213112586,1.85125959999212,0.333243370056152
159.597697,1.88570156647047,1.8539265099134,0.3182373046875
159.797683,1.8988123003146,1.85758307895535,0.296439170837402
159.997667,1.87386551257252,1.85812069155905,0.284990787506104
160.197646,1.86039043134051,1.85853889566937,0.282681465148926
160.397674,1.88743996867632,1.86081898204014,0.282237529754639
160.59769,1.92678004966274,1.86658979464978,0.287917137145996
160.797666,1.93731546401978,1.87193761842527,0.296725749969482
160.997651,1.94782750799036,1.87797229783543,0.305706024169922
161.19763,1.97404779974912,1.88539454511292,0.310381889343262
161.397667,2.00027093090461,1.89457118128112,0.313972949981689
161.597674,2.01681128352212,1.90403671539583,0.319209098815918
161.797649,2.01390251913041,1.91215179270722,0.311107158660889
161.997635,1.9896754026413,1.91810894610091,0.292944431304932
162.197622,1.9896754026413,1.92351126192725,0.282488346099854
162.397651,1.97991049226791,1.92753851134984,0.277636528015137
162.597658,1.97222208976746,1.93094655571546,0.274987697601318
162.797633,1.9733034239267,1.93422754231328,0.275210380554199
162.997628,1.9864149447935,1.93841729769332,0.278488159179688
163.197607,1.99952338217405,1.94327534226652,0.279782295227051
163.397634,2.00162200131364,1.9475930817732,0.287890911102295
163.597639,1.98850984674507,1.95071129386039,0.300845146179199
163.797625,1.97539916214739,1.95233795188584,0.31216287612915
163.99761,1.95235357847867,1.95185458275955,0.33469820022583
164.197589,1.92613477984838,1.94962833851107,0.341680526733398
164.397615,1.90116136503234,1.9458752009437,0.3520188331604
164.597632,1.88804771224547,1.94126710895575,0.354843616485596
164.797607,1.86491933635673,1.93501201019374,0.350368976593018
164.997593,1.83302214046853,1.92684442544705,0.343425273895264
165.197571,1.79768919944763,1.91694008887474,0.333912372589111
165.397598,1.79768919944763,1.90792880664618,0.330775260925293
165.597616,1.80779140959391,1.90061433100773,0.32243013381958
165.797601,1.80938252373156,1.89353025524826,0.314393520355225
165.997577,1.80052423271642,1.88645728537013,0.314365386962891
166.197557,1.82674520917984,1.88237970334172,0.31691837310791
166.397593,1.86315461949458,1.88167340592001,0.317937850952148
166.5976,1.87911202058065,1.88133918890612,0.314697742462158
166.797576,1.86450036168188,1.87997595269282,0.313526630401611
166.99756,1.83827865480947,1.87638691279922,0.313131332397461
167.197547,1.8428626487378,1.87410563527094,0.308874130249023
167.397576,1.85597472705068,1.87286485442758,0.305507183074951
167.597584,1.86591706153518,1.87229432639775,0.305908679962158
167.797559,1.85280699958778,1.87060811514124,0.30183744430542
167.997554,1.83969507491857,1.86801975583886,0.291117668151855
168.197532,1.83259582519531,1.86532138683497,0.279980659484863
168.397569,1.83092788572255,1.86264130659681,0.262495994567871
168.597566,1.81781638148805,1.85903961231548,0.244323253631592
168.797965,1.80467797243494,1.85467230598861,0.243361949920654
168.997538,1.79159385169614,1.84973283906645,0.247915267944336
169.197515,1.78549185899098,1.84492470704165,0.253626346588135
169.397543,1.82482522913822,1.84398916410388,0.269984722137451
169.597551,1.85363893228127,1.84523292557312,0.283380031585693
169.797544,1.87368187637259,1.84754692212915,0.295471668243408
169.997519,1.88128285024523,1.85005137795523,0.306858539581299
170.197499,1.85506059331641,1.85005119885179,0.311041355133057
170.397539,1.82883691593432,1.84793007128309,0.324489116668701
170.597545,1.81514251232147,1.84543340377528,0.326493263244629
170.797528,1.81898517425196,1.84349242504784,0.335144519805908
170.997506,1.84520579893328,1.84399039099193,0.3404860496521
171.197492,1.8393623975805,1.84337905377825,0.335178852081299
171.397566,1.81989853729323,1.84128829702013,0.328114032745361
171.597527,1.793679232896,1.83754200965974,0.321551322937012
171.797512,1.76745769933723,1.83186478768377,0.324344158172607
171.997487,1.74123618202039,1.82450434707385,0.32591438293457
172.197476,1.73430561911372,1.81779821163821,0.329419612884521
172.397503,1.75367751215339,1.81307447214376,0.338269710540771
172.597509,1.806126086206,1.81323173654696,0.343435764312744
172.797495,1.84771396140218,1.81663204462911,0.345791816711426
172.997481,1.87401739604199,1.82115400610633,0.343248844146729
173.197458,1.88061220943491,1.82561312652202,0.340648174285889
173.397486,1.85439035657791,1.82747175079988,0.338158130645752
173.597491,1.87193120305187,1.8313623521002,0.338008880615234
173.797478,1.89815299689716,1.83675733968701,0.345169544219971
173.997461,1.92211827562179,1.84335306864288,0.350802421569824
174.197449,1.93522998678861,1.85049653686478,0.360732078552246
174.397476,1.94834076842136,1.85813958752907,0.367264270782471
174.597477,1.95476877689362,1.86547795747259,0.365388870239258
174.79747,1.94782327151464,1.87162091274974,0.361395359039307
174.997447,1.90842515132485,1.873968424517,0.351336002349854
175.197425,1.85798635132683,1.87167194595992,0.333316802978516
175.397557,1.84613886054991,1.87005170670209,0.322867870330811
175.59747,1.87235182543228,1.87034117170513,0.319360256195068
175.797456,1.89857339161418,1.87278372006524,0.316112518310547
175.997431,1.86883186819405,1.8716601226243,0.318619728088379
176.197418,1.84320043170505,1.86933166753103,0.319005489349365
176.39752,1.83510748546642,1.86676484712517,0.325325012207031
176.59746,1.84821516333774,1.86549120616121,0.325370311737061
176.797437,1.83877213548554,1.86319930343212,0.325854778289795
176.997415,1.81872731690877,1.85948610587886,0.327289581298828
177.197402,1.79509802270983,1.85449123287663,0.328371047973633
177.397436,1.78198719538226,1.84883310118495,0.31731128692627
177.597436,1.76887535416061,1.84253017143977,0.31247615814209
177.79742,1.76278257369995,1.83647029298746,0.301858901977539
177.997397,1.75475715866335,1.83002490317641,0.29408073425293
178.197395,1.71542017470411,1.82091599128261,0.290618419647217
178.397517,1.69897151857975,1.81145601194097,0.296471118927002
178.597418,1.69296944141388,1.80246734487808,0.294060230255127
178.797405,1.6984883587781,1.79463676653079,0.299109935760498
178.997391,1.72471150991025,1.78954371788297,0.311113357543945
179.197376,1.73940164145974,1.78605056723336,0.312582015991211
179.39754,1.74532926082611,1.78295301704396,0.316576480865479
179.5974,1.75101626294673,1.78064009965682,0.312156677246094
179.797394,1.77723917356186,1.78060920389154,0.300168037414551
179.997374,1.80345998681065,1.782903185411,0.296262264251709
180.19735,1.82967735317874,1.78680533770337,0.291050910949707
180.397388,1.85297538680372,1.79194219580486,0.279882907867432
180.597395,1.86608769438145,1.79771148182008,0.275638580322266
180.797382,1.85580557726826,1.80179858501996,0.269445896148682
180.997359,1.83534111508808,1.80399404445856,0.270349025726318
