    0.860737    -0.403716
    0.860685    -0.403678
    0.860529    -0.403565
    0.860271    -0.403378
    0.859909    -0.403116
    0.859445    -0.402781
    0.858879    -0.402373
    0.858212    -0.401893
    0.857446    -0.401343
    0.856580    -0.400724
    0.855616    -0.400039
    0.854557    -0.399287
    0.853403    -0.398473
    0.852156    -0.397597
    0.850818    -0.396662
    0.849391    -0.395670
    0.847878    -0.394624
    0.846280    -0.393526
    0.844600    -0.392378
    0.842841    -0.391184
    0.841006    -0.389945
    0.839097    -0.388666
    0.837118    -0.387349
    0.835072    -0.385996
    0.832961    -0.384611
    0.830790    -0.383197
    0.828562    -0.381757
    0.826281    -0.380295
    0.823950    -0.378813
    0.821572    -0.377315
    0.819153    -0.375805
    0.816695    -0.374286
    0.814202    -0.372761
    0.811680    -0.371234
    0.809130    -0.369709
    0.806558    -0.368190
    0.803968    -0.366680
    0.801363    -0.365183
    0.798747    -0.363703
    0.796126    -0.362243
    0.793502    -0.360808
    0.790879    -0.359401
    0.788263    -0.358026
    0.785656    -0.356687
    0.783063    -0.355387
    0.780488    -0.354130
    0.777935    -0.352918
    0.775408    -0.351755
    0.772910    -0.350645
    0.770447    -0.349589
    0.768021    -0.348591
    0.765638    -0.347653
    0.763299    -0.346777
    0.761011    -0.345965
    0.758776    -0.345219
    0.756599    -0.344540
    0.754483    -0.343930
    0.752431    -0.343390
    0.750449    -0.342919
    0.748538    -0.342520
    0.746703    -0.342192
    0.744948    -0.341935
    0.743274    -0.341750
    0.741687    -0.341636
    0.740188    -0.341593
    0.738780    -0.341620
    0.737467    -0.341717
    0.736250    -0.341883
    0.735132    -0.342118
    0.734115    -0.342421
    0.733201    -0.342791
    0.732392    -0.343228
    0.731688    -0.343730
    0.731091    -0.344298
    0.730602    -0.344932
    0.730221    -0.345629
    0.729955    -0.346378
    0.729809    -0.347165
    0.729783    -0.347988
    0.729878    -0.348848
    0.730091    -0.349743
    0.730425    -0.350671
    0.730877    -0.351630
    0.731447    -0.352620
    0.732134    -0.353638
    0.732937    -0.354682
    0.733855    -0.355749
    0.734887    -0.356838
    0.736030    -0.357946
    0.737283    -0.359069
    0.738645    -0.360207
    0.740112    -0.361356
    0.741683    -0.362514
    0.743355    -0.363679
    0.745126    -0.364848
    0.746991    -0.366019
    0.748948    -0.367190
    0.750994    -0.368358
    0.753125    -0.369523
    0.755336    -0.370682
    0.757624    -0.371834
    0.759985    -0.372977
    0.762414    -0.374110
    0.764906    -0.375231
    0.767457    -0.376340
    0.770063    -0.377436
    0.772716    -0.378518
    0.775414    -0.379584
    0.778150    -0.380635
    0.780919    -0.381669
    0.783715    -0.382686
    0.786534    -0.383686
    0.789369    -0.384667
    0.792216    -0.385630
    0.795068    -0.386575
    0.797921    -0.387499
    0.800768    -0.388404
    0.803604    -0.389288
    0.806423    -0.390151
    0.809221    -0.390993
    0.811992    -0.391812
    0.814731    -0.392609
    0.817432    -0.393383
    0.820091    -0.394134
    0.822702    -0.394859
    0.825260    -0.395561
    0.827761    -0.396237
    0.830200    -0.396887
    0.832572    -0.397511
    0.834874    -0.398108
    0.837100    -0.398678
    0.839246    -0.399221
    0.841309    -0.399736
    0.843284    -0.400224
    0.845168    -0.400683
    0.846956    -0.401114
    0.848647    -0.401516
    0.850236    -0.401890
    0.851720    -0.402236
    0.853096    -0.402554
    0.854362    -0.402843
    0.855515    -0.403104
    0.856554    -0.403337
    0.857475    -0.403542
    0.858277    -0.403719
    0.858958    -0.403869
    0.859517    -0.403992
    0.859954    -0.404087
    0.860266    -0.404154
    0.860454    -0.404195
    0.860516    -0.404209
99999999.000000 99999999.000000
    1.000000    -0.266858
    0.999950    -0.266818
    0.999800    -0.266698
    0.999551    -0.266499
    0.999202    -0.266220
    0.998754    -0.265863
    0.998208    -0.265429
    0.997564    -0.264919
    0.996824    -0.264333
    0.995989    -0.263675
    0.995059    -0.262944
    0.994036    -0.262144
    0.992921    -0.261276
    0.991717    -0.260342
    0.990425    -0.259345
    0.989046    -0.258287
    0.987584    -0.257171
    0.986039    -0.255999
    0.984416    -0.254773
    0.982715    -0.253497
    0.980940    -0.252174
    0.979094    -0.250806
    0.977179    -0.249397
    0.975198    -0.247949
    0.973155    -0.246467
    0.971054    -0.244952
    0.968896    -0.243409
    0.966686    -0.241841
    0.964427    -0.240251
    0.962123    -0.238642
    0.959777    -0.237020
    0.957394    -0.235386
    0.954976    -0.233746
    0.952528    -0.232102
    0.950053    -0.230459
    0.947555    -0.228820
    0.945039    -0.227189
    0.942507    -0.225571
    0.939965    -0.223970
    0.937414    -0.222388
    0.934861    -0.220831
    0.932308    -0.219302
    0.929759    -0.217806
    0.927218    -0.216346
    0.924689    -0.214925
    0.922176    -0.213547
    0.919683    -0.212216
    0.917213    -0.210936
    0.914771    -0.209709
    0.912360    -0.208539
    0.909984    -0.207427
    0.907647    -0.206378
    0.905353    -0.205393
    0.903106    -0.204474
    0.900908    -0.203624
    0.898765    -0.202843
    0.896680    -0.202134
    0.894657    -0.201497
    0.892698    -0.200934
    0.890809    -0.200445
    0.888991    -0.200031
    0.887250    -0.199692
    0.885587    -0.199428
    0.884007    -0.199240
    0.882511    -0.199126
    0.881104    -0.199086
    0.879787    -0.199122
    0.878564    -0.199230
    0.877436    -0.199412
    0.876406    -0.199667
    0.875476    -0.199993
    0.874647    -0.200392
    0.873920    -0.200861
    0.873298    -0.201400
    0.872779    -0.202009
    0.872366    -0.202688
    0.872065    -0.203424
    0.871882    -0.204203
    0.871817    -0.205024
    0.871871    -0.205887
    0.872042    -0.206791
    0.872332    -0.207734
    0.872738    -0.208714
    0.873261    -0.209729
    0.873899    -0.210778
    0.874652    -0.211859
    0.875519    -0.212968
    0.876498    -0.214104
    0.877588    -0.215265
    0.878787    -0.216446
    0.880093    -0.217647
    0.881505    -0.218864
    0.883020    -0.220095
    0.884635    -0.221337
    0.886348    -0.222588
    0.888157    -0.223845
    0.890056    -0.225107
    0.892045    -0.226371
    0.894118    -0.227635
    0.896272    -0.228897
    0.898504    -0.230155
    0.900808    -0.231408
    0.903181    -0.232654
    0.905618    -0.233891
    0.908114    -0.235119
    0.910665    -0.236337
    0.913264    -0.237542
    0.915909    -0.238734
    0.918592    -0.239912
    0.921309    -0.241076
    0.924055    -0.242224
    0.926823    -0.243355
    0.929609    -0.244469
    0.932407    -0.245565
    0.935212    -0.246643
    0.938018    -0.247701
    0.940819    -0.248739
    0.943610    -0.249755
    0.946386    -0.250750
    0.949141    -0.251723
    0.951871    -0.252672
    0.954569    -0.253597
    0.957230    -0.254498
    0.959851    -0.255372
    0.962424    -0.256220
    0.964947    -0.257041
    0.967413    -0.257834
    0.969819    -0.258599
    0.972159    -0.259334
    0.974430    -0.260039
    0.976627    -0.260713
    0.978745    -0.261357
    0.980781    -0.261968
    0.982731    -0.262548
    0.984591    -0.263095
    0.986358    -0.263610
    0.988027    -0.264092
    0.989597    -0.264540
    0.991063    -0.264956
    0.992423    -0.265338
    0.993674    -0.265686
    0.994813    -0.266001
    0.995839    -0.266283
    0.996750    -0.266531
    0.997543    -0.266746
    0.998216    -0.266928
    0.998769    -0.267077
    0.999200    -0.267192
    0.999509    -0.267275
    0.999695    -0.267324
    0.999757    -0.267340
99999999.000000 99999999.000000
    0.260197     0.218048
    0.260140     0.218077
    0.259969     0.218164
    0.259684     0.218310
    0.259286     0.218512
    0.258776     0.218772
    0.258154     0.219088
    0.257421     0.219458
    0.256578     0.219883
    0.255627     0.220360
    0.254569     0.220889
    0.253406     0.221467
    0.252140     0.222093
    0.250773     0.222765
    0.249306     0.223482
    0.247743     0.224241
    0.246086     0.225041
    0.244338     0.225879
    0.242500     0.226753
    0.240578     0.227660
    0.238573     0.228600
    0.236490     0.229568
    0.234330     0.230564
    0.232099     0.231584
    0.229800     0.232625
    0.227437     0.233686
    0.225013     0.234764
    0.222532     0.235856
    0.220000     0.236959
    0.217419     0.238071
    0.214795     0.239189
    0.212132     0.240310
    0.209434     0.241431
    0.206705     0.242549
    0.203950     0.243661
    0.201174     0.244764
    0.198381     0.245855
    0.195576     0.246931
    0.192763     0.247989
    0.189947     0.249025
    0.187133     0.250037
    0.184324     0.251021
    0.181527     0.251975
    0.178744     0.252894
    0.175981     0.253778
    0.173243     0.254622
    0.170533     0.255424
    0.167856     0.256181
    0.165217     0.256892
    0.162620     0.257554
    0.160069     0.258165
    0.157569     0.258723
    0.155124     0.259227
    0.152737     0.259675
    0.150414     0.260066
    0.148158     0.260400
    0.145972     0.260675
    0.143862     0.260892
    0.141831     0.261049
    0.139881     0.261148
    0.138018     0.261189
    0.136244     0.261171
    0.134562     0.261095
    0.132976     0.260962
    0.131488     0.260773
    0.130101     0.260528
    0.128819     0.260229
    0.127642     0.259877
    0.126574     0.259472
    0.125617     0.259015
    0.124771     0.258508
    0.124039     0.257952
    0.123421     0.257346
    0.122920     0.256692
    0.122535     0.255991
    0.122266     0.255243
    0.122119     0.254462
    0.122096     0.253662
    0.122198     0.252845
    0.122424     0.252010
    0.122774     0.251159
    0.123247     0.250294
    0.123842     0.249415
    0.124558     0.248526
    0.125395     0.247626
    0.126350     0.246719
    0.127422     0.245807
    0.128609     0.244891
    0.129910     0.243974
    0.131322     0.243057
    0.132844     0.242144
    0.134471     0.241235
    0.136202     0.240334
    0.138035     0.239442
    0.139964     0.238562
    0.141989     0.237693
    0.144103     0.236839
    0.146305     0.236001
    0.148590     0.235180
    0.150954     0.234377
    0.153393     0.233593
    0.155902     0.232829
    0.158477     0.232086
    0.161113     0.231363
    0.163805     0.230662
    0.166549     0.229983
    0.169338     0.229325
    0.172168     0.228689
    0.175033     0.228074
    0.177929     0.227481
    0.180849     0.226908
    0.183789     0.226357
    0.186742     0.225826
    0.189703     0.225315
    0.192667     0.224823
    0.195628     0.224351
    0.198581     0.223898
    0.201519     0.223463
    0.204439     0.223046
    0.207333     0.222648
    0.210198     0.222267
    0.213027     0.221903
    0.215815     0.221556
    0.218558     0.221226
    0.221249     0.220913
    0.223885     0.220616
    0.226461     0.220335
    0.228971     0.220070
    0.231412     0.219821
    0.233778     0.219587
    0.236065     0.219368
    0.238269     0.219163
    0.240387     0.218974
    0.242414     0.218798
    0.244346     0.218636
    0.246180     0.218487
    0.247912     0.218350
    0.249540     0.218227
    0.251059     0.218115
    0.252468     0.218014
    0.253764     0.217924
    0.254944     0.217845
    0.256005     0.217775
    0.256947     0.217715
    0.257767     0.217664
    0.258463     0.217621
    0.259035     0.217587
    0.259480     0.217560
    0.259799     0.217542
    0.259991     0.217531
    0.260055     0.217527
99999999.000000 99999999.000000
    0.399115     0.351437
    0.399061     0.351471
    0.398897     0.351571
    0.398625     0.351738
    0.398244     0.351972
    0.397756     0.352271
    0.397160     0.352634
    0.396459     0.353061
    0.395652     0.353551
    0.394741     0.354101
    0.393728     0.354711
    0.392614     0.355378
    0.391401     0.356102
    0.390091     0.356880
    0.388685     0.357709
    0.387186     0.358589
    0.385597     0.359516
    0.383920     0.360488
    0.382157     0.361504
    0.380312     0.362559
    0.378387     0.363653
    0.376385     0.364782
    0.374311     0.365944
    0.372167     0.367136
    0.369956     0.368355
    0.367683     0.369598
    0.365351     0.370862
    0.362964     0.372146
    0.360526     0.373444
    0.358041     0.374755
    0.355513     0.376075
    0.352946     0.377402
    0.350344     0.378731
    0.347711     0.380060
    0.345052     0.381384
    0.342371     0.382702
    0.339672     0.384009
    0.336960     0.385302
    0.334239     0.386577
    0.331513     0.387831
    0.328787     0.389060
    0.326064     0.390262
    0.323350     0.391432
    0.320648     0.392567
    0.317963     0.393664
    0.315299     0.394721
    0.312661     0.395733
    0.310052     0.396698
    0.307476     0.397614
    0.304939     0.398477
    0.302444     0.399286
    0.299996     0.400039
    0.297597     0.400733
    0.295253     0.401367
    0.292968     0.401939
    0.290745     0.402449
    0.288588     0.402895
    0.286501     0.403276
    0.284488     0.403593
    0.282553     0.403845
    0.280698     0.404031
    0.278928     0.404152
    0.277245     0.404209
    0.275654     0.404201
    0.274156     0.404129
    0.272754     0.403994
    0.271452     0.403796
    0.270252     0.403537
    0.269155     0.403217
    0.268165     0.402837
    0.267282     0.402398
    0.266508     0.401901
    0.265845     0.401345
    0.265294     0.400733
    0.264855     0.400064
    0.264529     0.399339
    0.264321     0.398572
    0.264235     0.397777
    0.264273     0.396954
    0.264433     0.396104
    0.264714     0.395228
    0.265118     0.394329
    0.265642     0.393406
    0.266287     0.392463
    0.267050     0.391501
    0.267931     0.390522
    0.268928     0.389528
    0.270040     0.388522
    0.271265     0.387505
    0.272601     0.386481
    0.274046     0.385451
    0.275597     0.384418
    0.277252     0.383384
    0.279009     0.382351
    0.280863     0.381321
    0.282813     0.380297
    0.284854     0.379279
    0.286984     0.378271
    0.289197     0.377273
    0.291491     0.376287
    0.293861     0.375314
    0.296302     0.374356
    0.298811     0.373413
    0.301382     0.372486
    0.304011     0.371576
    0.306692     0.370683
    0.309421     0.369808
    0.312193     0.368952
    0.315001     0.368114
    0.317841     0.367296
    0.320708     0.366496
    0.323595     0.365716
    0.326497     0.364954
    0.329409     0.364212
    0.332326     0.363490
    0.335240     0.362787
    0.338148     0.362103
    0.341044     0.361439
    0.343922     0.360795
    0.346776     0.360170
    0.349602     0.359566
    0.352393     0.358981
    0.355146     0.358417
    0.357854     0.357873
    0.360513     0.357349
    0.363118     0.356846
    0.365663     0.356364
    0.368145     0.355903
    0.370558     0.355463
    0.372899     0.355044
    0.375162     0.354646
    0.377343     0.354270
    0.379439     0.353914
    0.381446     0.353580
    0.383360     0.353267
    0.385176     0.352975
    0.386892     0.352703
    0.388505     0.352452
    0.390011     0.352221
    0.391408     0.352010
    0.392693     0.351819
    0.393863     0.351647
    0.394916     0.351494
    0.395850     0.351360
    0.396663     0.351245
    0.397354     0.351148
    0.397921     0.351069
    0.398363     0.351007
    0.398680     0.350964
    0.398870     0.350938
    0.398933     0.350929
